%!PS-Adobe-3.0 EPSF-3.0
%%BoundingBox: -71 -71 71 71 
%%HiResBoundingBox: -70.86613 -70.86613 70.86613 70.86613 
%%Creator: MetaPost 2.00
%%CreationDate: 2018.05.23:2301
%%Pages: 1
%%DocumentResources: procset mpost-minimal
%%DocumentSuppliedResources: procset mpost-minimal
%%EndComments
%%BeginProlog
%%BeginResource: procset mpost-minimal
/bd{bind def}bind def/fshow {exch findfont exch scalefont setfont show}bd
/fcp{findfont dup length dict begin{1 index/FID ne{def}{pop pop}ifelse}forall}bd
/fmc{FontMatrix dup length array copy dup dup}bd/fmd{/FontMatrix exch def}bd
/Amul{4 -1 roll exch mul 1000 div}bd/ExtendFont{fmc 0 get Amul 0 exch put fmd}bd
/ScaleFont{dup fmc 0 get Amul 0 exch put dup dup 3 get Amul 3 exch put fmd}bd
/SlantFont{fmc 2 get dup 0 eq{pop 1}if Amul FontMatrix 0 get mul 2 exch put fmd}bd
%%EndResource
%%EndProlog
%%BeginSetup
%%EndSetup
%%Page: 1 1
gsave newpath -70.86613 -70.86613 moveto
-23.62276 -70.86613 23.62276 -70.86613 70.86613 -70.86613 curveto
70.86613 -23.62276 70.86613 23.62276 70.86613 70.86613 curveto
23.62276 70.86613 -23.62276 70.86613 -70.86613 70.86613 curveto
-70.86613 23.62276 -70.86613 -23.62276 -70.86613 -70.86613 curveto closepath clip
 1 1 0 setrgbcolor
newpath -70.86613 -70.86613 moveto
-23.62276 -70.86613 23.62276 -70.86613 70.86613 -70.86613 curveto
70.86613 -23.62276 70.86613 23.62276 70.86613 70.86613 curveto
23.62276 70.86613 -23.62276 70.86613 -70.86613 70.86613 curveto
-70.86613 23.62276 -70.86613 -23.62276 -70.86613 -70.86613 curveto closepath fill
 0 0 1 setrgbcolor
newpath -116.92911 -73.64644 moveto
-116.92911 -70.82709 -118.04927 -68.12354 -120.0427 -66.1301 curveto
-122.03613 -64.13667 -124.73969 -63.01651 -127.55904 -63.01651 curveto
-130.37839 -63.01651 -133.08194 -64.13667 -135.07538 -66.1301 curveto
-137.0688 -68.12354 -138.18896 -70.82709 -138.18896 -73.64644 curveto
-138.18896 -76.46579 -137.0688 -79.16934 -135.07538 -81.16278 curveto
-133.08194 -83.1562 -130.37839 -84.27637 -127.55904 -84.27637 curveto
-124.73969 -84.27637 -122.03613 -83.1562 -120.0427 -81.16278 curveto
-118.04927 -79.16934 -116.92911 -76.46579 -116.92911 -73.64644 curveto closepath fill
newpath -102.75587 -49.09763 moveto
-102.75587 -46.27827 -103.87604 -43.57472 -105.86946 -41.58128 curveto
-107.8629 -39.58786 -110.56645 -38.4677 -113.3858 -38.4677 curveto
-116.20515 -38.4677 -118.9087 -39.58786 -120.90215 -41.58128 curveto
-122.89557 -43.57472 -124.01573 -46.27827 -124.01573 -49.09763 curveto
-124.01573 -51.91698 -122.89557 -54.62053 -120.90215 -56.61397 curveto
-118.9087 -58.60739 -116.20515 -59.72755 -113.3858 -59.72755 curveto
-110.56645 -59.72755 -107.8629 -58.60739 -105.86946 -56.61397 curveto
-103.87604 -54.62053 -102.75587 -51.91698 -102.75587 -49.09763 curveto closepath fill
newpath -88.58266 -24.54881 moveto
-88.58266 -21.72946 -89.70282 -19.02591 -91.69624 -17.03247 curveto
-93.68968 -15.03905 -96.39323 -13.91888 -99.21259 -13.91888 curveto
-102.03194 -13.91888 -104.73549 -15.03905 -106.72893 -17.03247 curveto
-108.72235 -19.02591 -109.84251 -21.72946 -109.84251 -24.54881 curveto
-109.84251 -27.36816 -108.72235 -30.07172 -106.72893 -32.06516 curveto
-104.73549 -34.05858 -102.03194 -35.17874 -99.21259 -35.17874 curveto
-96.39323 -35.17874 -93.68968 -34.05858 -91.69624 -32.06516 curveto
-89.70282 -30.07172 -88.58266 -27.36816 -88.58266 -24.54881 curveto closepath fill
newpath -74.40942 0 moveto
-74.40942 2.81935 -75.52959 5.5229 -77.52301 7.51634 curveto
-79.51645 9.50977 -82.22 10.62993 -85.03935 10.62993 curveto
-87.8587 10.62993 -90.56226 9.50977 -92.5557 7.51634 curveto
-94.54912 5.5229 -95.66928 2.81935 -95.66928 0 curveto
-95.66928 -2.81935 -94.54912 -5.5229 -92.5557 -7.51634 curveto
-90.56226 -9.50977 -87.8587 -10.62993 -85.03935 -10.62993 curveto
-82.22 -10.62993 -79.51645 -9.50977 -77.52301 -7.51634 curveto
-75.52959 -5.5229 -74.40942 -2.81935 -74.40942 0 curveto closepath fill
newpath -60.2362 24.54881 moveto
-60.2362 27.36816 -61.35637 30.07172 -63.3498 32.06516 curveto
-65.34323 34.05858 -68.04678 35.17874 -70.86613 35.17874 curveto
-73.68549 35.17874 -76.38904 34.05858 -78.38248 32.06516 curveto
-80.3759 30.07172 -81.49606 27.36816 -81.49606 24.54881 curveto
-81.49606 21.72946 -80.3759 19.02591 -78.38248 17.03247 curveto
-76.38904 15.03905 -73.68549 13.91888 -70.86613 13.91888 curveto
-68.04678 13.91888 -65.34323 15.03905 -63.3498 17.03247 curveto
-61.35637 19.02591 -60.2362 21.72946 -60.2362 24.54881 curveto closepath fill
newpath -46.06297 49.09763 moveto
-46.06297 51.91698 -47.18314 54.62053 -49.17656 56.61397 curveto
-51.17 58.60739 -53.87355 59.72755 -56.6929 59.72755 curveto
-59.51225 59.72755 -62.2158 58.60739 -64.20924 56.61397 curveto
-66.20267 54.62053 -67.32283 51.91698 -67.32283 49.09763 curveto
-67.32283 46.27827 -66.20267 43.57472 -64.20924 41.58128 curveto
-62.2158 39.58786 -59.51225 38.4677 -56.6929 38.4677 curveto
-53.87355 38.4677 -51.17 39.58786 -49.17656 41.58128 curveto
-47.18314 43.57472 -46.06297 46.27827 -46.06297 49.09763 curveto closepath fill
newpath -31.88976 73.64644 moveto
-31.88976 76.46579 -33.00992 79.16934 -35.00334 81.16278 curveto
-36.99678 83.1562 -39.70033 84.27637 -42.51968 84.27637 curveto
-45.33904 84.27637 -48.04259 83.1562 -50.03603 81.16278 curveto
-52.02945 79.16934 -53.14961 76.46579 -53.14961 73.64644 curveto
-53.14961 70.82709 -52.02945 68.12354 -50.03603 66.1301 curveto
-48.04259 64.13667 -45.33904 63.01651 -42.51968 63.01651 curveto
-39.70033 63.01651 -36.99678 64.13667 -35.00334 66.1301 curveto
-33.00992 68.12354 -31.88976 70.82709 -31.88976 73.64644 curveto closepath fill
newpath -88.58266 -73.64644 moveto
-88.58266 -70.82709 -89.70282 -68.12354 -91.69624 -66.1301 curveto
-93.68968 -64.13667 -96.39323 -63.01651 -99.21259 -63.01651 curveto
-102.03194 -63.01651 -104.73549 -64.13667 -106.72893 -66.1301 curveto
-108.72235 -68.12354 -109.84251 -70.82709 -109.84251 -73.64644 curveto
-109.84251 -76.46579 -108.72235 -79.16934 -106.72893 -81.16278 curveto
-104.73549 -83.1562 -102.03194 -84.27637 -99.21259 -84.27637 curveto
-96.39323 -84.27637 -93.68968 -83.1562 -91.69624 -81.16278 curveto
-89.70282 -79.16934 -88.58266 -76.46579 -88.58266 -73.64644 curveto closepath fill
newpath -74.40942 -49.09763 moveto
-74.40942 -46.27827 -75.52959 -43.57472 -77.52301 -41.58128 curveto
-79.51645 -39.58786 -82.22 -38.4677 -85.03935 -38.4677 curveto
-87.8587 -38.4677 -90.56226 -39.58786 -92.5557 -41.58128 curveto
-94.54912 -43.57472 -95.66928 -46.27827 -95.66928 -49.09763 curveto
-95.66928 -51.91698 -94.54912 -54.62053 -92.5557 -56.61397 curveto
-90.56226 -58.60739 -87.8587 -59.72755 -85.03935 -59.72755 curveto
-82.22 -59.72755 -79.51645 -58.60739 -77.52301 -56.61397 curveto
-75.52959 -54.62053 -74.40942 -51.91698 -74.40942 -49.09763 curveto closepath fill
newpath -60.2362 -24.54881 moveto
-60.2362 -21.72946 -61.35637 -19.02591 -63.3498 -17.03247 curveto
-65.34323 -15.03905 -68.04678 -13.91888 -70.86613 -13.91888 curveto
-73.68549 -13.91888 -76.38904 -15.03905 -78.38248 -17.03247 curveto
-80.3759 -19.02591 -81.49606 -21.72946 -81.49606 -24.54881 curveto
-81.49606 -27.36816 -80.3759 -30.07172 -78.38248 -32.06516 curveto
-76.38904 -34.05858 -73.68549 -35.17874 -70.86613 -35.17874 curveto
-68.04678 -35.17874 -65.34323 -34.05858 -63.3498 -32.06516 curveto
-61.35637 -30.07172 -60.2362 -27.36816 -60.2362 -24.54881 curveto closepath fill
newpath -46.06297 0 moveto
-46.06297 2.81935 -47.18314 5.5229 -49.17656 7.51634 curveto
-51.17 9.50977 -53.87355 10.62993 -56.6929 10.62993 curveto
-59.51225 10.62993 -62.2158 9.50977 -64.20924 7.51634 curveto
-66.20267 5.5229 -67.32283 2.81935 -67.32283 0 curveto
-67.32283 -2.81935 -66.20267 -5.5229 -64.20924 -7.51634 curveto
-62.2158 -9.50977 -59.51225 -10.62993 -56.6929 -10.62993 curveto
-53.87355 -10.62993 -51.17 -9.50977 -49.17656 -7.51634 curveto
-47.18314 -5.5229 -46.06297 -2.81935 -46.06297 0 curveto closepath fill
newpath -31.88976 24.54881 moveto
-31.88976 27.36816 -33.00992 30.07172 -35.00334 32.06516 curveto
-36.99678 34.05858 -39.70033 35.17874 -42.51968 35.17874 curveto
-45.33904 35.17874 -48.04259 34.05858 -50.03603 32.06516 curveto
-52.02945 30.07172 -53.14961 27.36816 -53.14961 24.54881 curveto
-53.14961 21.72946 -52.02945 19.02591 -50.03603 17.03247 curveto
-48.04259 15.03905 -45.33904 13.91888 -42.51968 13.91888 curveto
-39.70033 13.91888 -36.99678 15.03905 -35.00334 17.03247 curveto
-33.00992 19.02591 -31.88976 21.72946 -31.88976 24.54881 curveto closepath fill
newpath -17.71652 49.09763 moveto
-17.71652 51.91698 -18.83669 54.62053 -20.83011 56.61397 curveto
-22.82355 58.60739 -25.5271 59.72755 -28.34645 59.72755 curveto
-31.1658 59.72755 -33.86935 58.60739 -35.8628 56.61397 curveto
-37.85622 54.62053 -38.97638 51.91698 -38.97638 49.09763 curveto
-38.97638 46.27827 -37.85622 43.57472 -35.8628 41.58128 curveto
-33.86935 39.58786 -31.1658 38.4677 -28.34645 38.4677 curveto
-25.5271 38.4677 -22.82355 39.58786 -20.83011 41.58128 curveto
-18.83669 43.57472 -17.71652 46.27827 -17.71652 49.09763 curveto closepath fill
newpath -3.5433 73.64644 moveto
-3.5433 76.46579 -4.66347 79.16934 -6.65689 81.16278 curveto
-8.65033 83.1562 -11.35388 84.27637 -14.17323 84.27637 curveto
-16.99258 84.27637 -19.69614 83.1562 -21.68958 81.16278 curveto
-23.683 79.16934 -24.80316 76.46579 -24.80316 73.64644 curveto
-24.80316 70.82709 -23.683 68.12354 -21.68958 66.1301 curveto
-19.69614 64.13667 -16.99258 63.01651 -14.17323 63.01651 curveto
-11.35388 63.01651 -8.65033 64.13667 -6.65689 66.1301 curveto
-4.66347 68.12354 -3.5433 70.82709 -3.5433 73.64644 curveto closepath fill
newpath -60.2362 -73.64644 moveto
-60.2362 -70.82709 -61.35637 -68.12354 -63.3498 -66.1301 curveto
-65.34323 -64.13667 -68.04678 -63.01651 -70.86613 -63.01651 curveto
-73.68549 -63.01651 -76.38904 -64.13667 -78.38248 -66.1301 curveto
-80.3759 -68.12354 -81.49606 -70.82709 -81.49606 -73.64644 curveto
-81.49606 -76.46579 -80.3759 -79.16934 -78.38248 -81.16278 curveto
-76.38904 -83.1562 -73.68549 -84.27637 -70.86613 -84.27637 curveto
-68.04678 -84.27637 -65.34323 -83.1562 -63.3498 -81.16278 curveto
-61.35637 -79.16934 -60.2362 -76.46579 -60.2362 -73.64644 curveto closepath fill
newpath -46.06297 -49.09763 moveto
-46.06297 -46.27827 -47.18314 -43.57472 -49.17656 -41.58128 curveto
-51.17 -39.58786 -53.87355 -38.4677 -56.6929 -38.4677 curveto
-59.51225 -38.4677 -62.2158 -39.58786 -64.20924 -41.58128 curveto
-66.20267 -43.57472 -67.32283 -46.27827 -67.32283 -49.09763 curveto
-67.32283 -51.91698 -66.20267 -54.62053 -64.20924 -56.61397 curveto
-62.2158 -58.60739 -59.51225 -59.72755 -56.6929 -59.72755 curveto
-53.87355 -59.72755 -51.17 -58.60739 -49.17656 -56.61397 curveto
-47.18314 -54.62053 -46.06297 -51.91698 -46.06297 -49.09763 curveto closepath fill
newpath -31.88976 -24.54881 moveto
-31.88976 -21.72946 -33.00992 -19.02591 -35.00334 -17.03247 curveto
-36.99678 -15.03905 -39.70033 -13.91888 -42.51968 -13.91888 curveto
-45.33904 -13.91888 -48.04259 -15.03905 -50.03603 -17.03247 curveto
-52.02945 -19.02591 -53.14961 -21.72946 -53.14961 -24.54881 curveto
-53.14961 -27.36816 -52.02945 -30.07172 -50.03603 -32.06516 curveto
-48.04259 -34.05858 -45.33904 -35.17874 -42.51968 -35.17874 curveto
-39.70033 -35.17874 -36.99678 -34.05858 -35.00334 -32.06516 curveto
-33.00992 -30.07172 -31.88976 -27.36816 -31.88976 -24.54881 curveto closepath fill
newpath -17.71652 0 moveto
-17.71652 2.81935 -18.83669 5.5229 -20.83011 7.51634 curveto
-22.82355 9.50977 -25.5271 10.62993 -28.34645 10.62993 curveto
-31.1658 10.62993 -33.86935 9.50977 -35.8628 7.51634 curveto
-37.85622 5.5229 -38.97638 2.81935 -38.97638 0 curveto
-38.97638 -2.81935 -37.85622 -5.5229 -35.8628 -7.51634 curveto
-33.86935 -9.50977 -31.1658 -10.62993 -28.34645 -10.62993 curveto
-25.5271 -10.62993 -22.82355 -9.50977 -20.83011 -7.51634 curveto
-18.83669 -5.5229 -17.71652 -2.81935 -17.71652 0 curveto closepath fill
newpath -3.5433 24.54881 moveto
-3.5433 27.36816 -4.66347 30.07172 -6.65689 32.06516 curveto
-8.65033 34.05858 -11.35388 35.17874 -14.17323 35.17874 curveto
-16.99258 35.17874 -19.69614 34.05858 -21.68958 32.06516 curveto
-23.683 30.07172 -24.80316 27.36816 -24.80316 24.54881 curveto
-24.80316 21.72946 -23.683 19.02591 -21.68958 17.03247 curveto
-19.69614 15.03905 -16.99258 13.91888 -14.17323 13.91888 curveto
-11.35388 13.91888 -8.65033 15.03905 -6.65689 17.03247 curveto
-4.66347 19.02591 -3.5433 21.72946 -3.5433 24.54881 curveto closepath fill
newpath 10.62993 49.09763 moveto
10.62993 51.91698 9.50977 54.62053 7.51634 56.61397 curveto
5.5229 58.60739 2.81935 59.72755 0 59.72755 curveto
-2.81935 59.72755 -5.5229 58.60739 -7.51634 56.61397 curveto
-9.50977 54.62053 -10.62993 51.91698 -10.62993 49.09763 curveto
-10.62993 46.27827 -9.50977 43.57472 -7.51634 41.58128 curveto
-5.5229 39.58786 -2.81935 38.4677 0 38.4677 curveto
2.81935 38.4677 5.5229 39.58786 7.51634 41.58128 curveto
9.50977 43.57472 10.62993 46.27827 10.62993 49.09763 curveto closepath fill
newpath 24.80316 73.64644 moveto
24.80316 76.46579 23.683 79.16934 21.68958 81.16278 curveto
19.69614 83.1562 16.99258 84.27637 14.17323 84.27637 curveto
11.35388 84.27637 8.65033 83.1562 6.65689 81.16278 curveto
4.66347 79.16934 3.5433 76.46579 3.5433 73.64644 curveto
3.5433 70.82709 4.66347 68.12354 6.65689 66.1301 curveto
8.65033 64.13667 11.35388 63.01651 14.17323 63.01651 curveto
16.99258 63.01651 19.69614 64.13667 21.68958 66.1301 curveto
23.683 68.12354 24.80316 70.82709 24.80316 73.64644 curveto closepath fill
newpath -31.88976 -73.64644 moveto
-31.88976 -70.82709 -33.00992 -68.12354 -35.00334 -66.1301 curveto
-36.99678 -64.13667 -39.70033 -63.01651 -42.51968 -63.01651 curveto
-45.33904 -63.01651 -48.04259 -64.13667 -50.03603 -66.1301 curveto
-52.02945 -68.12354 -53.14961 -70.82709 -53.14961 -73.64644 curveto
-53.14961 -76.46579 -52.02945 -79.16934 -50.03603 -81.16278 curveto
-48.04259 -83.1562 -45.33904 -84.27637 -42.51968 -84.27637 curveto
-39.70033 -84.27637 -36.99678 -83.1562 -35.00334 -81.16278 curveto
-33.00992 -79.16934 -31.88976 -76.46579 -31.88976 -73.64644 curveto closepath fill
newpath -17.71652 -49.09763 moveto
-17.71652 -46.27827 -18.83669 -43.57472 -20.83011 -41.58128 curveto
-22.82355 -39.58786 -25.5271 -38.4677 -28.34645 -38.4677 curveto
-31.1658 -38.4677 -33.86935 -39.58786 -35.8628 -41.58128 curveto
-37.85622 -43.57472 -38.97638 -46.27827 -38.97638 -49.09763 curveto
-38.97638 -51.91698 -37.85622 -54.62053 -35.8628 -56.61397 curveto
-33.86935 -58.60739 -31.1658 -59.72755 -28.34645 -59.72755 curveto
-25.5271 -59.72755 -22.82355 -58.60739 -20.83011 -56.61397 curveto
-18.83669 -54.62053 -17.71652 -51.91698 -17.71652 -49.09763 curveto closepath fill
newpath -3.5433 -24.54881 moveto
-3.5433 -21.72946 -4.66347 -19.02591 -6.65689 -17.03247 curveto
-8.65033 -15.03905 -11.35388 -13.91888 -14.17323 -13.91888 curveto
-16.99258 -13.91888 -19.69614 -15.03905 -21.68958 -17.03247 curveto
-23.683 -19.02591 -24.80316 -21.72946 -24.80316 -24.54881 curveto
-24.80316 -27.36816 -23.683 -30.07172 -21.68958 -32.06516 curveto
-19.69614 -34.05858 -16.99258 -35.17874 -14.17323 -35.17874 curveto
-11.35388 -35.17874 -8.65033 -34.05858 -6.65689 -32.06516 curveto
-4.66347 -30.07172 -3.5433 -27.36816 -3.5433 -24.54881 curveto closepath fill
newpath 10.62993 0 moveto
10.62993 2.81935 9.50977 5.5229 7.51634 7.51634 curveto
5.5229 9.50977 2.81935 10.62993 0 10.62993 curveto
-2.81935 10.62993 -5.5229 9.50977 -7.51634 7.51634 curveto
-9.50977 5.5229 -10.62993 2.81935 -10.62993 0 curveto
-10.62993 -2.81935 -9.50977 -5.5229 -7.51634 -7.51634 curveto
-5.5229 -9.50977 -2.81935 -10.62993 0 -10.62993 curveto
2.81935 -10.62993 5.5229 -9.50977 7.51634 -7.51634 curveto
9.50977 -5.5229 10.62993 -2.81935 10.62993 0 curveto closepath fill
newpath 24.80316 24.54881 moveto
24.80316 27.36816 23.683 30.07172 21.68958 32.06516 curveto
19.69614 34.05858 16.99258 35.17874 14.17323 35.17874 curveto
11.35388 35.17874 8.65033 34.05858 6.65689 32.06516 curveto
4.66347 30.07172 3.5433 27.36816 3.5433 24.54881 curveto
3.5433 21.72946 4.66347 19.02591 6.65689 17.03247 curveto
8.65033 15.03905 11.35388 13.91888 14.17323 13.91888 curveto
16.99258 13.91888 19.69614 15.03905 21.68958 17.03247 curveto
23.683 19.02591 24.80316 21.72946 24.80316 24.54881 curveto closepath fill
newpath 38.97638 49.09763 moveto
38.97638 51.91698 37.85622 54.62053 35.8628 56.61397 curveto
33.86935 58.60739 31.1658 59.72755 28.34645 59.72755 curveto
25.5271 59.72755 22.82355 58.60739 20.83011 56.61397 curveto
18.83669 54.62053 17.71652 51.91698 17.71652 49.09763 curveto
17.71652 46.27827 18.83669 43.57472 20.83011 41.58128 curveto
22.82355 39.58786 25.5271 38.4677 28.34645 38.4677 curveto
31.1658 38.4677 33.86935 39.58786 35.8628 41.58128 curveto
37.85622 43.57472 38.97638 46.27827 38.97638 49.09763 curveto closepath fill
newpath 53.14961 73.64644 moveto
53.14961 76.46579 52.02945 79.16934 50.03603 81.16278 curveto
48.04259 83.1562 45.33904 84.27637 42.51968 84.27637 curveto
39.70033 84.27637 36.99678 83.1562 35.00334 81.16278 curveto
33.00992 79.16934 31.88976 76.46579 31.88976 73.64644 curveto
31.88976 70.82709 33.00992 68.12354 35.00334 66.1301 curveto
36.99678 64.13667 39.70033 63.01651 42.51968 63.01651 curveto
45.33904 63.01651 48.04259 64.13667 50.03603 66.1301 curveto
52.02945 68.12354 53.14961 70.82709 53.14961 73.64644 curveto closepath fill
newpath -3.5433 -73.64644 moveto
-3.5433 -70.82709 -4.66347 -68.12354 -6.65689 -66.1301 curveto
-8.65033 -64.13667 -11.35388 -63.01651 -14.17323 -63.01651 curveto
-16.99258 -63.01651 -19.69614 -64.13667 -21.68958 -66.1301 curveto
-23.683 -68.12354 -24.80316 -70.82709 -24.80316 -73.64644 curveto
-24.80316 -76.46579 -23.683 -79.16934 -21.68958 -81.16278 curveto
-19.69614 -83.1562 -16.99258 -84.27637 -14.17323 -84.27637 curveto
-11.35388 -84.27637 -8.65033 -83.1562 -6.65689 -81.16278 curveto
-4.66347 -79.16934 -3.5433 -76.46579 -3.5433 -73.64644 curveto closepath fill
newpath 10.62993 -49.09763 moveto
10.62993 -46.27827 9.50977 -43.57472 7.51634 -41.58128 curveto
5.5229 -39.58786 2.81935 -38.4677 0 -38.4677 curveto
-2.81935 -38.4677 -5.5229 -39.58786 -7.51634 -41.58128 curveto
-9.50977 -43.57472 -10.62993 -46.27827 -10.62993 -49.09763 curveto
-10.62993 -51.91698 -9.50977 -54.62053 -7.51634 -56.61397 curveto
-5.5229 -58.60739 -2.81935 -59.72755 0 -59.72755 curveto
2.81935 -59.72755 5.5229 -58.60739 7.51634 -56.61397 curveto
9.50977 -54.62053 10.62993 -51.91698 10.62993 -49.09763 curveto closepath fill
newpath 24.80316 -24.54881 moveto
24.80316 -21.72946 23.683 -19.02591 21.68958 -17.03247 curveto
19.69614 -15.03905 16.99258 -13.91888 14.17323 -13.91888 curveto
11.35388 -13.91888 8.65033 -15.03905 6.65689 -17.03247 curveto
4.66347 -19.02591 3.5433 -21.72946 3.5433 -24.54881 curveto
3.5433 -27.36816 4.66347 -30.07172 6.65689 -32.06516 curveto
8.65033 -34.05858 11.35388 -35.17874 14.17323 -35.17874 curveto
16.99258 -35.17874 19.69614 -34.05858 21.68958 -32.06516 curveto
23.683 -30.07172 24.80316 -27.36816 24.80316 -24.54881 curveto closepath fill
newpath 38.97638 0 moveto
38.97638 2.81935 37.85622 5.5229 35.8628 7.51634 curveto
33.86935 9.50977 31.1658 10.62993 28.34645 10.62993 curveto
25.5271 10.62993 22.82355 9.50977 20.83011 7.51634 curveto
18.83669 5.5229 17.71652 2.81935 17.71652 0 curveto
17.71652 -2.81935 18.83669 -5.5229 20.83011 -7.51634 curveto
22.82355 -9.50977 25.5271 -10.62993 28.34645 -10.62993 curveto
31.1658 -10.62993 33.86935 -9.50977 35.8628 -7.51634 curveto
37.85622 -5.5229 38.97638 -2.81935 38.97638 0 curveto closepath fill
newpath 53.14961 24.54881 moveto
53.14961 27.36816 52.02945 30.07172 50.03603 32.06516 curveto
48.04259 34.05858 45.33904 35.17874 42.51968 35.17874 curveto
39.70033 35.17874 36.99678 34.05858 35.00334 32.06516 curveto
33.00992 30.07172 31.88976 27.36816 31.88976 24.54881 curveto
31.88976 21.72946 33.00992 19.02591 35.00334 17.03247 curveto
36.99678 15.03905 39.70033 13.91888 42.51968 13.91888 curveto
45.33904 13.91888 48.04259 15.03905 50.03603 17.03247 curveto
52.02945 19.02591 53.14961 21.72946 53.14961 24.54881 curveto closepath fill
newpath 67.32283 49.09763 moveto
67.32283 51.91698 66.20267 54.62053 64.20924 56.61397 curveto
62.2158 58.60739 59.51225 59.72755 56.6929 59.72755 curveto
53.87355 59.72755 51.17 58.60739 49.17656 56.61397 curveto
47.18314 54.62053 46.06297 51.91698 46.06297 49.09763 curveto
46.06297 46.27827 47.18314 43.57472 49.17656 41.58128 curveto
51.17 39.58786 53.87355 38.4677 56.6929 38.4677 curveto
59.51225 38.4677 62.2158 39.58786 64.20924 41.58128 curveto
66.20267 43.57472 67.32283 46.27827 67.32283 49.09763 curveto closepath fill
newpath 81.49606 73.64644 moveto
81.49606 76.46579 80.3759 79.16934 78.38248 81.16278 curveto
76.38904 83.1562 73.68549 84.27637 70.86613 84.27637 curveto
68.04678 84.27637 65.34323 83.1562 63.3498 81.16278 curveto
61.35637 79.16934 60.2362 76.46579 60.2362 73.64644 curveto
60.2362 70.82709 61.35637 68.12354 63.3498 66.1301 curveto
65.34323 64.13667 68.04678 63.01651 70.86613 63.01651 curveto
73.68549 63.01651 76.38904 64.13667 78.38248 66.1301 curveto
80.3759 68.12354 81.49606 70.82709 81.49606 73.64644 curveto closepath fill
newpath 24.80316 -73.64644 moveto
24.80316 -70.82709 23.683 -68.12354 21.68958 -66.1301 curveto
19.69614 -64.13667 16.99258 -63.01651 14.17323 -63.01651 curveto
11.35388 -63.01651 8.65033 -64.13667 6.65689 -66.1301 curveto
4.66347 -68.12354 3.5433 -70.82709 3.5433 -73.64644 curveto
3.5433 -76.46579 4.66347 -79.16934 6.65689 -81.16278 curveto
8.65033 -83.1562 11.35388 -84.27637 14.17323 -84.27637 curveto
16.99258 -84.27637 19.69614 -83.1562 21.68958 -81.16278 curveto
23.683 -79.16934 24.80316 -76.46579 24.80316 -73.64644 curveto closepath fill
newpath 38.97638 -49.09763 moveto
38.97638 -46.27827 37.85622 -43.57472 35.8628 -41.58128 curveto
33.86935 -39.58786 31.1658 -38.4677 28.34645 -38.4677 curveto
25.5271 -38.4677 22.82355 -39.58786 20.83011 -41.58128 curveto
18.83669 -43.57472 17.71652 -46.27827 17.71652 -49.09763 curveto
17.71652 -51.91698 18.83669 -54.62053 20.83011 -56.61397 curveto
22.82355 -58.60739 25.5271 -59.72755 28.34645 -59.72755 curveto
31.1658 -59.72755 33.86935 -58.60739 35.8628 -56.61397 curveto
37.85622 -54.62053 38.97638 -51.91698 38.97638 -49.09763 curveto closepath fill
newpath 53.14961 -24.54881 moveto
53.14961 -21.72946 52.02945 -19.02591 50.03603 -17.03247 curveto
48.04259 -15.03905 45.33904 -13.91888 42.51968 -13.91888 curveto
39.70033 -13.91888 36.99678 -15.03905 35.00334 -17.03247 curveto
33.00992 -19.02591 31.88976 -21.72946 31.88976 -24.54881 curveto
31.88976 -27.36816 33.00992 -30.07172 35.00334 -32.06516 curveto
36.99678 -34.05858 39.70033 -35.17874 42.51968 -35.17874 curveto
45.33904 -35.17874 48.04259 -34.05858 50.03603 -32.06516 curveto
52.02945 -30.07172 53.14961 -27.36816 53.14961 -24.54881 curveto closepath fill
newpath 67.32283 0 moveto
67.32283 2.81935 66.20267 5.5229 64.20924 7.51634 curveto
62.2158 9.50977 59.51225 10.62993 56.6929 10.62993 curveto
53.87355 10.62993 51.17 9.50977 49.17656 7.51634 curveto
47.18314 5.5229 46.06297 2.81935 46.06297 0 curveto
46.06297 -2.81935 47.18314 -5.5229 49.17656 -7.51634 curveto
51.17 -9.50977 53.87355 -10.62993 56.6929 -10.62993 curveto
59.51225 -10.62993 62.2158 -9.50977 64.20924 -7.51634 curveto
66.20267 -5.5229 67.32283 -2.81935 67.32283 0 curveto closepath fill
newpath 81.49606 24.54881 moveto
81.49606 27.36816 80.3759 30.07172 78.38248 32.06516 curveto
76.38904 34.05858 73.68549 35.17874 70.86613 35.17874 curveto
68.04678 35.17874 65.34323 34.05858 63.3498 32.06516 curveto
61.35637 30.07172 60.2362 27.36816 60.2362 24.54881 curveto
60.2362 21.72946 61.35637 19.02591 63.3498 17.03247 curveto
65.34323 15.03905 68.04678 13.91888 70.86613 13.91888 curveto
73.68549 13.91888 76.38904 15.03905 78.38248 17.03247 curveto
80.3759 19.02591 81.49606 21.72946 81.49606 24.54881 curveto closepath fill
newpath 95.66928 49.09763 moveto
95.66928 51.91698 94.54912 54.62053 92.5557 56.61397 curveto
90.56226 58.60739 87.8587 59.72755 85.03935 59.72755 curveto
82.22 59.72755 79.51645 58.60739 77.52301 56.61397 curveto
75.52959 54.62053 74.40942 51.91698 74.40942 49.09763 curveto
74.40942 46.27827 75.52959 43.57472 77.52301 41.58128 curveto
79.51645 39.58786 82.22 38.4677 85.03935 38.4677 curveto
87.8587 38.4677 90.56226 39.58786 92.5557 41.58128 curveto
94.54912 43.57472 95.66928 46.27827 95.66928 49.09763 curveto closepath fill
newpath 109.84251 73.64644 moveto
109.84251 76.46579 108.72235 79.16934 106.72893 81.16278 curveto
104.73549 83.1562 102.03194 84.27637 99.21259 84.27637 curveto
96.39323 84.27637 93.68968 83.1562 91.69624 81.16278 curveto
89.70282 79.16934 88.58266 76.46579 88.58266 73.64644 curveto
88.58266 70.82709 89.70282 68.12354 91.69624 66.1301 curveto
93.68968 64.13667 96.39323 63.01651 99.21259 63.01651 curveto
102.03194 63.01651 104.73549 64.13667 106.72893 66.1301 curveto
108.72235 68.12354 109.84251 70.82709 109.84251 73.64644 curveto closepath fill
newpath 53.14961 -73.64644 moveto
53.14961 -70.82709 52.02945 -68.12354 50.03603 -66.1301 curveto
48.04259 -64.13667 45.33904 -63.01651 42.51968 -63.01651 curveto
39.70033 -63.01651 36.99678 -64.13667 35.00334 -66.1301 curveto
33.00992 -68.12354 31.88976 -70.82709 31.88976 -73.64644 curveto
31.88976 -76.46579 33.00992 -79.16934 35.00334 -81.16278 curveto
36.99678 -83.1562 39.70033 -84.27637 42.51968 -84.27637 curveto
45.33904 -84.27637 48.04259 -83.1562 50.03603 -81.16278 curveto
52.02945 -79.16934 53.14961 -76.46579 53.14961 -73.64644 curveto closepath fill
newpath 67.32283 -49.09763 moveto
67.32283 -46.27827 66.20267 -43.57472 64.20924 -41.58128 curveto
62.2158 -39.58786 59.51225 -38.4677 56.6929 -38.4677 curveto
53.87355 -38.4677 51.17 -39.58786 49.17656 -41.58128 curveto
47.18314 -43.57472 46.06297 -46.27827 46.06297 -49.09763 curveto
46.06297 -51.91698 47.18314 -54.62053 49.17656 -56.61397 curveto
51.17 -58.60739 53.87355 -59.72755 56.6929 -59.72755 curveto
59.51225 -59.72755 62.2158 -58.60739 64.20924 -56.61397 curveto
66.20267 -54.62053 67.32283 -51.91698 67.32283 -49.09763 curveto closepath fill
newpath 81.49606 -24.54881 moveto
81.49606 -21.72946 80.3759 -19.02591 78.38248 -17.03247 curveto
76.38904 -15.03905 73.68549 -13.91888 70.86613 -13.91888 curveto
68.04678 -13.91888 65.34323 -15.03905 63.3498 -17.03247 curveto
61.35637 -19.02591 60.2362 -21.72946 60.2362 -24.54881 curveto
60.2362 -27.36816 61.35637 -30.07172 63.3498 -32.06516 curveto
65.34323 -34.05858 68.04678 -35.17874 70.86613 -35.17874 curveto
73.68549 -35.17874 76.38904 -34.05858 78.38248 -32.06516 curveto
80.3759 -30.07172 81.49606 -27.36816 81.49606 -24.54881 curveto closepath fill
newpath 95.66928 0 moveto
95.66928 2.81935 94.54912 5.5229 92.5557 7.51634 curveto
90.56226 9.50977 87.8587 10.62993 85.03935 10.62993 curveto
82.22 10.62993 79.51645 9.50977 77.52301 7.51634 curveto
75.52959 5.5229 74.40942 2.81935 74.40942 0 curveto
74.40942 -2.81935 75.52959 -5.5229 77.52301 -7.51634 curveto
79.51645 -9.50977 82.22 -10.62993 85.03935 -10.62993 curveto
87.8587 -10.62993 90.56226 -9.50977 92.5557 -7.51634 curveto
94.54912 -5.5229 95.66928 -2.81935 95.66928 0 curveto closepath fill
newpath 109.84251 24.54881 moveto
109.84251 27.36816 108.72235 30.07172 106.72893 32.06516 curveto
104.73549 34.05858 102.03194 35.17874 99.21259 35.17874 curveto
96.39323 35.17874 93.68968 34.05858 91.69624 32.06516 curveto
89.70282 30.07172 88.58266 27.36816 88.58266 24.54881 curveto
88.58266 21.72946 89.70282 19.02591 91.69624 17.03247 curveto
93.68968 15.03905 96.39323 13.91888 99.21259 13.91888 curveto
102.03194 13.91888 104.73549 15.03905 106.72893 17.03247 curveto
108.72235 19.02591 109.84251 21.72946 109.84251 24.54881 curveto closepath fill
newpath 124.01573 49.09763 moveto
124.01573 51.91698 122.89557 54.62053 120.90215 56.61397 curveto
118.9087 58.60739 116.20515 59.72755 113.3858 59.72755 curveto
110.56645 59.72755 107.8629 58.60739 105.86946 56.61397 curveto
103.87604 54.62053 102.75587 51.91698 102.75587 49.09763 curveto
102.75587 46.27827 103.87604 43.57472 105.86946 41.58128 curveto
107.8629 39.58786 110.56645 38.4677 113.3858 38.4677 curveto
116.20515 38.4677 118.9087 39.58786 120.90215 41.58128 curveto
122.89557 43.57472 124.01573 46.27827 124.01573 49.09763 curveto closepath fill
newpath 138.18896 73.64644 moveto
138.18896 76.46579 137.0688 79.16934 135.07538 81.16278 curveto
133.08194 83.1562 130.37839 84.27637 127.55904 84.27637 curveto
124.73969 84.27637 122.03613 83.1562 120.0427 81.16278 curveto
118.04927 79.16934 116.92911 76.46579 116.92911 73.64644 curveto
116.92911 70.82709 118.04927 68.12354 120.0427 66.1301 curveto
122.03613 64.13667 124.73969 63.01651 127.55904 63.01651 curveto
130.37839 63.01651 133.08194 64.13667 135.07538 66.1301 curveto
137.0688 68.12354 138.18896 70.82709 138.18896 73.64644 curveto closepath fill
grestore
showpage
%%EOF
